,sim_0,sim_1,sim_2,sim_3,sim_4,sim_5,sim_6,sim_7,sim_8,sim_9,sim_10,sim_11,sim_12,sim_13,sim_14,sim_15,sim_16,sim_17,sim_18,sim_19,sim_20,sim_21,sim_22,sim_23,sim_24,sim_25,sim_26,sim_27,sim_28,sim_29,sim_30,sim_31,sim_32,sim_33,sim_34,sim_35,sim_36,sim_37,sim_38,sim_39,sim_40,sim_41,sim_42,sim_43,sim_44,sim_45,sim_46,sim_47,sim_48,sim_49,sim_50,sim_51,sim_52,sim_53,sim_54,sim_55,sim_56,sim_57,sim_58,sim_59,sim_60,sim_61,sim_62,sim_63,sim_64,sim_65,sim_66,sim_67,sim_68,sim_69,sim_70,sim_71,sim_72,sim_73,sim_74,sim_75,sim_76,sim_77,sim_78,sim_79,sim_80,sim_81,sim_82,sim_83,sim_84,sim_85,sim_86,sim_87,sim_88,sim_89,sim_90,sim_91,sim_92,sim_93,sim_94,sim_95,sim_96,sim_97,sim_98,sim_99
indicator_0,0.0,0.0,0.0,0.0,0.0,-0.3905355803765246,0.0,0.0,0.0,0.0,0.0,0.0,0.0,0.0,0.0,0.0,0.08327487724220864,0.0,0.0,0.0,0.0,0.0,-0.39920649914982037,0.0,0.0,0.35690878317548336,0.0,0.0,0.0,0.0,0.0,0.0,0.0,0.0,0.0,0.0,0.0,-0.2978731926142509,0.0,0.0,0.0,0.0,0.0,0.0006905796807084717,0.0,0.0,0.0,0.0,0.0,0.0,0.0,0.0,0.0,0.0,0.0,0.0,0.0,0.036645938441080994,0.0,0.0,0.4604153962047567,0.0,0.0,0.0,0.0,0.0,-0.2782611999848007,0.0,0.0,0.0,0.0,0.0,-0.35693215339233025,0.0,0.0,0.0,0.0,0.0,0.0,0.0,0.0,0.0,0.0,0.0,0.0,0.0,0.0,0.0,0.0,0.0,0.0,0.0,0.0,0.0,0.0,0.0,0.0,0.0,0.0,0.0
indicator_1,0.14846310200356733,-0.07577882612945724,-0.12045663781992266,-0.11770960500925455,-0.10510617459822823,-0.1520441719784012,-0.15961659450057358,-0.08376580404722929,0.07196190888431994,-0.14027998857189505,-0.29466623623515903,-0.1471466811498622,-0.09451566113920581,-0.17082349173305572,-0.01159059161097898,-0.14521788341822298,0.0012226599646787237,-0.050477605603905774,0.057554258847235626,-0.29807973894490225,-0.10631019224333468,0.01909296842494569,-0.18497241599416397,0.0760623911674262,-0.23658709524935004,-0.052003541321836884,-0.08158508158508164,-0.21729265426846572,-0.10174429324777819,0.42903063787041673,-0.2010974940552406,-0.0701665825340737,-0.23921071282032158,-0.42010846891948267,0.07145583308595903,-0.059396870763255366,0.14591339487342023,0.3142381474895001,-0.13279971697696025,-0.2517083852455921,0.11063931787830025,-0.042226564057578,0.16112280073420776,0.1482548831252002,0.042696080426553776,0.16537105475553288,0.24005998459854902,0.09520454262859036,-0.16651140183887558,0.24939107459852208,-0.11277907555623634,-0.11681208490688887,-0.1317387229534249,0.00020553294693135266,-0.018197860372780393,0.04918545142008829,-0.13769355616967144,-0.20166999455436554,0.01896896330655805,-0.2255182413103962,-0.0051437664211967824,0.2989645776566757,0.15696504128496894,-0.1328485352171203,0.07316713922745516,-0.22881853402731556,0.20961836095277642,0.03476028053500947,-0.2916649153041066,0.0038534976566568452,-0.12702901638709177,0.012187591406935563,0.09566180250721713,-0.12291847146019824,0.06407455299415883,0.32755436626088263,-0.08251194421727719,0.03138672246528439,0.09927232967613016,-0.24004845244559544,-0.3085293719239627,-0.029984856133266024,0.219122064198603,-0.15930669467900296,-0.008261823987228094,-0.15967605463556142,-0.09173112132421628,0.009088676000982567,-0.07277686852154946,-0.24193480011869942,-0.233210093686062,0.0332862802240335,0.12429266748446832,-0.07597987400109929,0.15104806582523542,-0.029835957282836112,-0.1400194321494116,0.12011971160386346,-0.2377965104881397,0.10112772288138702
indicator_2,-0.014433796205750039,-0.018389948183018923,-0.2425202683237993,0.07703416562155586,0.07987015589307901,0.057278420952742444,0.06620976624648148,-0.03677055326239251,0.12332384371003006,-0.16532405105254422,0.008750812029500529,-0.013855634493857199,0.055038853323670325,0.005217541287568443,0.01178405042477388,-0.21129820749592623,0.10722538368684259,0.057807263052417006,-0.07945512222429554,0.003817914831130687,0.10658628142418382,0.17116972015300994,-0.20617772976433402,0.06253358131845424,0.337438152831226,-0.16633896972080223,-0.019162830532062938,0.15890284370143234,-0.07505921640197255,-0.2188893217331082,-0.04877551852002774,0.06457028211112466,0.02401170113354733,-0.18693549077522364,-0.0946609067650883,-0.006177132337901393,-0.28121544698800105,-0.06894615973462617,0.08823632600077189,0.11452330303616325,0.07205448731259607,0.0809907956928107,0.09003914745541543,-0.3360791380134594,-0.20829526041873586,0.13879544221378184,0.11700403175526833,0.3378476835383364,-0.13620399326437332,-0.09694653656364782,0.058208583721509125,-0.07627150128171788,-0.11985004686035615,0.07258764178528967,-0.22005487277784044,-0.2846252080027862,-0.08768567321514138,-0.03226235172940831,0.009991262394104026,-0.1896595117391148,0.07746968975495404,0.28000918941685504,-0.14312160129584633,-0.20233781414377536,-0.15288576887190647,-0.11594148396073856,-0.014543789836954606,0.047040391302686425,-0.03076354376309197,0.0073857351839297985,0.03246275875411105,0.26582774706966167,0.16203035386836256,-0.059768131167223196,-0.022626788036410956,-0.03244570349386217,-0.05934894106974632,-0.2326468344774981,-0.1507908611599297,0.10162554087241255,-0.0998675117270025,-0.09419706880268632,-0.06720043530646354,-0.2576968320285564,-0.12730458328355837,-0.25434968381473255,0.01449016897766286,0.19581697313688132,-0.13742929588453287,-0.16144075169653738,-0.11389889454726121,-0.007014288365188344,-0.1762203396046504,-0.006628098540285819,0.2586845353553166,-0.1648440664236533,0.011042455650787304,0.044002363600551465,-0.15870606095994402,0.0020092519041166666
indicator_3,0.10755427956217475,0.1378758921954835,-0.17325379070345515,-0.04384454781876121,0.0852262402326004,0.25201793721973104,-0.2942174988006938,0.30608650988736824,-0.10321158917669165,-0.1491666316805911,0.15553979790817224,-0.08032859461852528,-0.3367075794002278,0.030589442063230395,0.11163720968202781,0.1303089143865842,-0.12645830894689608,-0.2476933995741662,-0.19483077892912026,0.04408388778646745,0.136593472649482,0.06920402288107076,0.09336224551258887,-0.1978667912336021,-0.2785420258241566,0.010951731258527227,-0.20684961580680572,-0.15822637880144594,-0.21482928417368655,-0.10758260436963633,0.3652951979056771,0.07741210218242432,-0.09097856671414176,0.10992252330200177,0.15432074812774044,0.23932886414422613,-0.2359868111163448,0.12024963780229579,0.08316517109613154,-0.16099083284571877,-0.07284033746583755,0.24598175084946344,-0.0023616058920065534,0.007555805017054527,0.07472390081266926,-0.03799793364711282,0.02030831359453269,0.17859268415510685,-0.006967702198098319,-0.3736090254514649,0.034479883260371054,0.018427357874101536,-0.30805459108253985,-0.12242678161382595,0.011302995924198507,0.007280884725884544,-0.08533948920889668,0.07629953173572587,-0.18053738928958474,-0.05794236970768748,0.145761082306081,0.2994708994708994,0.044585485079039706,0.11313792960490857,0.1001076426264801,0.03218516493530162,0.025608994378513467,-0.07658474478182024,0.20925349630685022,0.22287749851573327,-0.11873240904826442,-0.2624638519375361,-0.38027754260683927,-0.38055921183837915,0.03522722907302834,0.07661073130308677,0.19675545325002738,-0.15790433632757292,-0.04204622300011933,0.17850824865265144,-0.06314797360980204,0.19806545220054822,0.1558066745254258,0.041494835954892124,-0.09309510515540664,-0.3341105527638192,0.17445326107993028,0.2123000207770622,-0.08059679389878191,-0.4720965309200605,-0.02250251893868718,0.19319335580554767,-0.06442528486634023,0.042789223454833575,0.02397484606314693,0.09313639704595576,-0.13979938098967076,-0.060975088663846516,0.17361692828786826,0.04230849076188498
indicator_4,-0.1748229863474553,-0.04034189293740562,-0.04614424464640949,-0.38180288369602633,-0.09229453964241909,0.10275753313727999,-0.07186748597381783,0.07760947001043426,-0.1851233459949075,0.010083260114639558,-0.008857653761384022,0.052149858269867844,-0.15924990685929544,0.08718247204090966,0.03753517780782865,0.11624486264330526,-0.4017224880382773,-0.3253164057879587,-0.0905734394830968,0.20839149682925845,0.07691708532928303,0.24587280649158588,0.06693844865868309,0.08929511245219467,-0.09032022995020449,-0.042053653286562756,-0.16327758392491878,-0.23844133414888635,-0.33977419951878585,-0.2240466715604837,0.0380421269491706,0.18021174786179886,-0.1399191592562651,-0.14536206112236882,0.06312886057262734,-0.02629959381282567,-0.27648513813776043,-0.07390775171024476,-0.002246506492023011,0.09159692766250145,-0.101497247988915,0.025235260226618025,-0.1298127805554542,-0.10401026144037424,0.06395527972181875,-0.1517178952339722,0.08555497473427424,0.08498147145771746,0.029850191442697287,-0.0617492420462831,-0.1869237217099749,0.018414050026609886,-0.00790951190524976,-0.18309754003508907,-0.030069851705203387,-0.1748326419976179,0.08280918530648705,-0.2103440718825335,0.11389284751376959,0.042360309873083875,-0.31892087633532495,-0.19908607583812998,-0.1287793136146468,0.024310272143894324,-0.2800208161672232,-0.12200769008144872,0.2891852186687763,0.11242650881894178,-0.0075304764799243315,-0.22940914067885973,0.09006848124587202,-0.15231842768074647,-0.034666666666666644,-0.3263568277418695,0.043082500867821186,0.07196420433359571,-0.2970736427641897,0.11951174403550945,-0.060994997867307776,-0.005408890640111745,-0.027542996509818788,-0.3818865264888992,-0.08544455507615147,0.09472747497219128,0.037224220040820336,0.02773458687398299,0.0723838617144134,-0.08711221985273401,-0.0637131361365345,-0.12432825568709853,-0.4711718959506572,-0.48416567502207225,-0.07296274158198846,-0.0039383120468180705,0.06878739455200866,-0.06220786623598704,0.19027141998427888,-0.04412841561644895,0.00026222138977333333,-0.046251522645897124
indicator_5,0.012274368231046955,-0.396971439524631,-0.3023488613206536,-0.02172406765844708,-0.14073369917469644,-0.08253503136857132,-0.3748949621863873,-0.0733701043609381,0.03031825194646768,-0.1671365603780328,-0.3812188814697596,-0.1645006160327491,-0.10162295147017975,0.042122015915119354,0.20283385888037994,-0.04687310751342401,-0.02574420036953401,0.21880619271084606,0.06425908826647515,-0.1847456898404919,0.04051482545064524,-0.3163612511786168,-0.021906409925996833,-0.0380471742009378,0.21361780084729587,-0.13799751510218072,-0.31046422675846536,0.08736152106413159,-0.15615496496099432,-0.16105308453624384,0.07125346622191857,-0.15975329544080294,-0.05217425648722303,-0.05758352663492452,0.19367678835437271,-0.0747051114023591,0.06297457595104075,-0.305911582600465,-0.18546397357086106,-0.067023218302984,0.07379380151347181,-0.0057174158649730975,0.06681164673190772,-0.03490519299193801,-0.07880251429383146,-0.11857973192044602,-0.09855561499526767,0.3145631771569372,0.14705065651156335,-0.05603824410972414,-0.034624163410576836,-0.07837958357630427,-0.21183389770094457,0.054785049009639215,-0.007016511911264218,-0.130342272277046,-0.11952497892460502,-0.1800245234644968,0.17749223938072228,-0.2526376811594203,0.04008430267904189,-0.2706069651741296,-0.26920179229945684,0.05023467633254334,-0.05235996129448447,0.1135060236326546,0.137645968489342,0.005281916949370903,-0.14179135755899241,-0.12169485958285431,0.0256052682548906,0.010701545778834726,-0.11078820248988736,-0.08513290706558899,-0.2504295704295704,-0.08776009301206754,-0.2101149425287355,-0.11136931798176122,-0.016889337030501633,0.26354214744262155,-0.20377051088094955,0.15119979036424216,-0.12402498733749791,-0.22015509798678234,0.0208844679843259,0.2650429175199339,0.057218199321920404,0.11589245650814665,0.09838340647387564,0.1559472704478973,0.03583206729165893,0.11303491568538951,-0.1329885348475533,0.10333198929657994,-0.044301842764489854,0.09207984546039925,-0.3901255364376527,0.09477242544971622,-0.16301303357358923,-0.12111115270862187
indicator_6,-0.06099737532808403,0.02372831627975211,-0.14249555072177172,-0.021406727828746183,-0.20438288195162285,0.07261156567453254,-0.028907550017414182,-0.09337954393288964,0.08191421375136276,-0.1683947086163745,-0.18949243773928204,-0.02681075421605649,0.20544252074645106,-0.02325760789910131,-0.21170136666541162,0.05246781533195912,-0.021817219344349097,-0.27286210530424276,0.04948704846507603,-0.0017315017892185172,0.17119715024808105,-0.3994988176331486,0.03308864214836406,-0.0545980291443138,-0.05650230732894877,0.19588333846206452,-0.13041620678605764,-0.40407065052293556,0.2104951804294115,0.12017730336062238,0.09175209494236246,-0.12059615597447156,-0.14882119989636927,-0.03676886525625066,-0.014207918765098481,-0.03757758134286249,-0.2689525950908751,0.3741059475999235,-0.3360503109299792,-0.21274964696388934,-0.029029029029029048,-0.16961950716416813,-0.2790081756419607,0.04924630747617421,0.050842480085165745,0.06293706293706292,0.07794995901479373,-0.007555412324990129,-0.2123007366410726,-0.22526402981983848,-0.1591118223644728,0.11720234485546803,-0.04590625628646153,-0.3460326872475262,-0.07006810573704259,-0.17607099813739463,0.13980351050273354,-0.3015287958115184,-0.2768196230096513,-0.37401954615997646,-0.08850296069626037,0.1518253155919481,0.07774988508998334,-0.08482792050412023,0.03177957653813947,0.06432925674908185,-0.149032659181509,0.13030468892537858,0.2618401991010734,0.005807751570463456,-0.1925751922988348,-0.07606730635516613,-0.290230398285408,-0.1175061570122465,-0.10970797158642469,0.11516321641817731,0.14832727127383194,0.005259987954226054,0.1696838798350677,0.2165337647829269,-0.051576936571673636,-0.4637326199178565,0.08506645218124022,-0.14405255624472418,-0.39669886929775167,-0.20593250584922876,0.020046956835831697,-0.15349208075096957,-0.07570429338795075,-0.015278808956273706,-0.01318584425473929,-0.039927746208557505,-0.1726824416725374,-0.11725598136777474,0.1104371998989133,-0.0007644952319639577,-0.10579457442926085,-0.10029443554097878,-0.12997309417040362,0.06285189015282092
indicator_7,-1.0000000000000002,-0.9999999999999997,-0.9999999999999999,-1.0,-1.0000000000000004,-1.0000000000000002,-1.0000000000000004,-1.0000000000000002,-1.0,-1.0000000000000002,-1.0,-0.9999999999999999,-1.0000000000000002,-1.0000000000000002,-1.0,-0.9999999999999996,-1.0000000000000002,-1.0,-1.0000000000000007,-0.9999999999999999,-1.0000000000000007,-1.0,-1.0000000000000002,-0.9999999999999999,-1.0000000000000002,-0.9999999999999996,-1.0000000000000002,-1.0,-1.0000000000000007,-0.9999999999999999,-0.9999999999999999,-1.0000000000000002,-0.9999999999999998,-1.0000000000000002,-1.0000000000000007,-1.0000000000000002,-1.0,-0.9999999999999997,-0.9999999999999999,-1.0000000000000002,-0.9999999999999997,-1.0,-1.0000000000000002,-1.0000000000000002,-0.9999999999999997,-0.9999999999999999,-1.0000000000000004,-1.0000000000000002,-0.9999999999999997,-0.9999999999999996,-1.0,-1.0,-0.9999999999999998,-1.0000000000000002,-1.0,-1.0000000000000002,-0.9999999999999999,-0.9999999999999999,-1.0000000000000004,-0.9999999999999997,-1.0000000000000002,-1.0000000000000002,-0.9999999999999999,-1.0000000000000002,-1.0,-1.0,-1.0,-1.0,-1.0,-1.0,-1.0000000000000002,-1.0000000000000004,-0.9999999999999994,-0.9999999999999997,-1.0000000000000009,-1.0000000000000002,-1.0000000000000002,-1.0,-1.0,-1.0,-0.9999999999999996,-0.9999999999999999,-1.0000000000000002,-1.0000000000000004,-1.0000000000000002,-1.0,-1.0,-1.0,-1.0,-0.9999999999999999,-1.0000000000000002,-1.0000000000000004,-0.9999999999999999,-1.0,-1.0000000000000002,-1.0000000000000002,-0.9999999999999997,-1.0000000000000002,-0.9999999999999998,-0.9999999999999997
ses_0,0.0,0.0,0.0,0.0,0.12323200127495122,0.0,0.0,0.0,0.0,0.0,0.0,0.0,0.0,0.0,0.0,0.0,0.0,0.0,0.0,0.0,0.0,0.0,0.0,0.0,0.0,0.0,0.0,0.0,0.0,0.0,0.0,0.0,0.0,0.0,0.0,0.0,0.0,0.0,0.0,0.0,0.0,0.0,0.0,0.0,-0.2719739831603333,0.0,0.0,0.23971022704277792,0.0,0.3029131862195073,0.0,-0.5070532623664717,0.0,0.0,0.11689035803895012,0.04996599591951036,0.0,0.0,-0.05905938013712363,0.0,0.0,0.0,0.3184889775119089,0.0,0.0,0.0,0.0,0.0,-0.3259013837458586,0.0,0.0,0.0,0.0,0.0,-0.2581989191865023,0.0,0.0,0.0,0.0,0.0,0.0,0.0,0.0,0.0,0.0,0.0,0.0,0.0,0.0,0.0,0.0,0.0,0.0,0.0,0.0,0.0,0.0,0.0,0.05289348376303035,0.0
ses_1,-0.20865597923904403,0.1825844049511151,-0.05426822398317497,0.014616276027064458,-0.10683184104010796,-0.22722561326730392,-0.10053515257976221,-0.18179707452983518,-0.1810316975984492,-0.03815221266986253,0.04832906791291127,0.2663207793662051,0.08662061071822752,-0.14419361399227168,0.014352502697224325,0.019043234420123036,0.004645526156332068,0.14420597453088435,0.03253599365151343,0.19932606677440434,0.06121868893231483,-0.0892877471255645,-0.03474970643239251,0.15383104897301966,-0.05563971340839304,-0.2413094241529717,-0.00221497321896014,0.22203502723034124,-0.09619817775988876,-0.10158119825793532,0.008124049412026577,0.38339005648924607,-0.12173216834337033,0.2557247602932882,-0.26450613063494244,-0.07407565719170763,-0.06004482717942672,0.09567468450005395,0.06870170312560074,0.001883884226751156,-0.24072814562912576,-0.047306535411539535,-0.03301105504410465,-0.2302459267322018,-0.05387541080462318,-0.12235879535073708,-0.18026762532454563,-0.13361353441881818,-0.037894973574721685,0.12174928351555037,-0.19167167167167162,0.16365444022298767,-0.11016337059329322,-0.39102719556556376,0.05295629820051417,-0.1912059172081238,-0.05797039989822318,-0.3206855746841242,0.09346561507440851,0.059940561194951524,-0.1414974862800783,-0.0047910473859065885,-0.1489015459723352,0.060850028084628326,-0.10406116905328822,-0.20941252057984983,-0.09268480988226217,0.12682379349046022,-0.06950996062531674,0.13217478809459307,-0.15047906810320835,-0.008772993733575929,-0.17308298595298993,-0.25895352336729877,-0.04866475824477469,-0.3522635330379504,-0.06435208197912287,0.018888841512812875,-0.07589781562384304,-0.21074746540225903,0.14821250323487004,0.07746170678336978,0.02816163732323436,-0.010714966634890369,0.18236632991255042,-0.06402555910543133,0.05482516384757265,0.05159350571256768,0.18945829546801543,0.20267708615420332,-0.13131540452346127,0.024832351148140617,-0.16808552761829343,0.12700223611554784,-0.1158507028599128,-0.1971995332555426,0.052303244703107786,-0.07733550510706166,-0.10893825061111705,-0.03294775963586254
ses_2,0.050686878256750334,0.2046460661845277,-0.3436838390966832,-0.01749369850645195,-0.1012109765581602,0.25138047907384126,-0.27302124459484867,-0.1741782056691342,-0.1768189175318778,-0.299564396129679,-0.09992438154909795,0.04685919766265872,0.06027906241353416,0.14366132897189152,-0.1812181783895908,-0.1561072135276128,-0.04417116806497335,-0.1450929246820998,0.052096298140179964,-0.25534064125107564,0.1900321415816833,0.19130078575950552,0.1566440172958832,0.0472291488332279,0.16143584957025633,-0.10107442859933577,-0.11757307824231114,0.021730810121199238,-0.142396729945368,-0.05137421486403081,0.14267601169302307,-0.07118015302573615,0.0004096986852396777,-0.03649151231726625,0.023278406755595428,-0.34589556794595244,-0.01774028823240156,0.20536321793075854,0.2073916843551006,-0.4377730440119866,-0.06028859458390986,0.15436583811344806,0.11820981318004516,0.07078319701965483,-0.0647008651151456,0.12118206382323773,0.05424277091798494,-0.21654722632995868,0.13641663427905168,-0.07136511696772284,-0.11854995438860907,-0.07886033074317594,-0.3305250711303255,0.04850705656133223,-0.02821944177093356,0.0059705231514341674,-0.3444125583586757,-0.05695619062888291,0.22210389303041053,0.18271297658106117,0.06824047627241132,-0.17338192057642146,-0.17855791465209167,0.02074491293483001,-0.23242704298807385,0.06339752256367154,-0.20794624169206477,-0.28743880106140446,0.029757628464476143,-0.020861202501898116,-0.15810226939049452,-0.008130081300813037,-0.012304797742238964,-0.07843064474221441,-0.0276533673008177,0.0905492765732882,-0.013669420858241622,0.1307452030343597,0.001021200114374481,0.20832567204795366,0.16687705124968438,0.10538847576834315,-0.3131984778690166,0.005326836519800122,0.06841877483573984,0.024215804407820587,-0.0658506177037289,-0.19847051720668138,0.0032490570265526243,-0.1150978750548179,-0.2821002724410006,0.13617449958389913,-0.09076629642095821,-0.013642496626855226,-0.042411684101467215,0.027276816750500973,-0.11824128188257153,-0.023010184835910982,-0.10525217971715825,0.010159539537219455
ses_3,-0.21268435411806572,0.05756662622784015,-0.16964640444974174,-0.10045909698875748,-0.006558482929205851,0.02642526048888708,-0.07254468613082082,-0.10211176448833165,0.0669278485145282,-0.24934243128883454,0.16803798763764372,-0.10193238473015759,-0.29331630481055776,0.13406267383645473,0.06124164278892073,-0.02370309154426957,0.09816427490903139,-0.3765141187925999,-0.07438998514746444,-0.16877772188943257,0.055514318084150485,0.05864141977752987,0.006153488912109615,0.0680632380055707,-0.3026321689610332,-0.02155409697226339,-0.1474675405483885,0.14313625884099868,-0.2523220442100993,0.25276069206143664,0.019503881840560497,-0.33748306543151096,-0.1354139987559914,-0.12752803101749977,0.28924333787200934,0.21651422580528548,-0.053931389786155325,0.1402353743817159,0.15245015837525627,-0.0019431336003489573,-0.06268830084576574,0.0477323925702384,-0.16643913094355814,-0.11848981478189767,-0.041384326786876494,-0.03612853488453586,0.1948189081693709,0.0062707111904154655,-0.15255181192569311,-0.15635057763322827,-0.020203123293655124,0.15790992030579493,-0.18272911022233684,0.06675048127922052,-0.10825324075657558,0.0707366112228112,0.03493582771372631,0.2643606442303943,-0.13680328177336193,-0.17044446809265373,0.08824305477025139,-0.14258210226220885,-0.11121520865050555,-0.17149456624635545,-0.25214126481285926,-0.1755968957706733,0.043864478948720774,0.057652486649471466,0.062319242502278105,-0.08544835946971172,0.1940994485046854,0.1941936221282432,0.17194463992493547,-0.22408854627108457,0.018536987997386244,-0.20132218549484732,0.07595927956147225,-0.03223254894206052,-0.15721658918701273,-0.055800035205069536,-0.07931537558267801,0.09620628948185991,-0.053700240448837824,-0.16367015762948137,0.16001736316641024,0.07055279792965928,0.054885712955635234,-0.3054439570970476,-0.012160304536322277,-0.39554465563049285,0.07541394697053508,-0.052221571128192736,0.282041398450449,-0.03506451728205307,-0.019626545361165103,0.16834318368624995,0.09316966937240148,-0.2533995506680856,0.11354356106097524,-0.23377784133566912
ses_4,-0.1641861378362458,0.14019242820805825,-0.02011869657720879,0.1198722194086252,0.0006429895230530471,-0.06714191623726316,-0.06008757405158774,0.017148189913286933,-0.3617472953664012,0.11186204493990592,-0.014866204162537176,-0.04608788853161844,-0.15734521282149447,-0.10301683335391194,-0.19565132376520294,-0.04226166805249265,-0.08050802234159872,0.02337339089176684,-0.2423944271714748,0.13356828891616837,-0.1276032677482453,-0.28441281783982225,0.10150272688037038,-0.2514302417839396,0.06755528627688583,-0.3083141399087749,-0.20290903552526368,0.008919654234252852,-0.0695758187245134,0.10758776896942243,0.024716147639735685,0.011916165370320692,-0.02026893022886836,0.174458823986631,-0.13692260896015293,0.1381207310319365,-0.11599478675115722,-0.02954912487451441,-0.10432683379758591,-0.13271710601392211,0.2832219279438349,-0.06191219434105736,-0.2103681149236835,-0.27508143994062095,-0.1420486700622524,0.09763684104221372,0.04967246865057087,-0.019038533327802816,0.08360582939727906,-0.10410066485208155,-0.1164970232379489,0.012177737954628754,-0.2674494205836234,0.1258822019761324,0.18108507174497404,-0.06558079725675096,0.36171727961747796,-0.024309350619982684,-0.34320302837224975,-0.017713499770766486,-0.18716616402020278,0.19294126557352215,-0.08495514486004213,0.020711630377057883,-0.06997848621161742,0.13479228798252615,-0.15456511380713261,-0.24253554933265456,-0.04078456917453771,-0.2332938071376659,-0.29412178068233735,-0.12540068744448304,0.0712615561710853,0.035266425875573194,-0.03610763706781782,0.10576558569114658,-0.20636323464427758,-0.19085988182306513,-0.2972590270051584,-0.09796952395356749,-0.02577985090167007,0.3034805617748828,-0.16630036630036626,0.2642792873852799,0.07867841082246257,-0.045107711963658315,0.25954480213245845,0.2088761043764126,0.006763972944108248,-0.05010289990645457,0.011298101244477415,0.031668392302474174,-0.27900118723909445,-0.03567591597821657,-0.12703084980312704,-0.2552774253085708,-0.20521563190827682,0.02716669657276156,-0.10291920700932687,-0.02507305458349873
ses_5,-0.17477691850089247,-0.207938193401926,-0.155533050286293,-0.14680697410502427,-0.243155945956592,-0.09683189432768048,-0.12436411762273053,0.09512692236427636,0.01946043306315829,0.05556557170158297,0.24882487872748477,-0.13911297185064164,-0.20827107144299487,0.04564484006015526,-0.176172105793626,-0.08003665192621813,0.03384522506886014,-0.030759975937437317,-0.09879947397446233,0.15934322566737333,-0.11661383553980982,0.05221254665007995,-0.17171154687562154,-0.017837777196065937,-0.27628933806060163,-0.07855886803255226,-0.03152543762554831,-0.09977202072538863,0.09362833905099646,-0.13062730627306268,0.20408234109764983,0.13868823000898473,-0.2532390006632765,-0.056569267218088894,-0.1451436336869126,0.10614482889014938,-0.06421030842475678,-0.15607184191349824,-0.2719012200930641,-0.10103285586772645,0.06582779076038109,-0.15910530351011698,0.3597198409513735,0.05420611124212513,-0.27756480813754886,0.2410598350587824,0.05495180676625322,-0.34390275003187815,-0.09006198598225497,-0.09124074276750212,-0.3442399454669395,0.18358777267712892,0.03296548319994357,-0.28580294235753656,0.1396127091558563,-0.17547370662124762,0.006578664488111088,-0.23682073099980658,-0.10307541625856999,-0.1405896532542184,-0.21324472426256252,-0.2720556107249254,-0.1372075228544964,-0.06526264234112886,0.01780402255472183,0.07512066333897117,0.12803523972478065,-0.33664552189149616,-0.025678471461603954,-0.42930994691899366,0.18737429708984935,-0.3201669463448217,-0.1137686611491704,-0.26407243433973565,-0.32540670076962075,-0.20771688957273057,-0.1610034461036795,0.017633953857191402,-0.049309221610692976,0.016246242818551894,-0.2578084896347483,0.04364411533714801,0.1864155520366565,0.19800944791028108,-0.13681220640180622,0.002339037301489614,0.0148863330384275,0.02997456033624602,0.21582244496151787,-0.11754818029005905,-0.11343431645617914,0.07368338496529545,-0.3526192936134393,-0.13075256023456422,-0.2696988638452771,0.057914461229378364,-0.1347066960780648,0.12401231591052417,0.06915634529232391,-0.1843268529247672
ses_6,0.03809486750457216,0.06993143976493633,-0.02511997352308455,-0.0888075515314969,-0.2369802958038254,0.04154744191370039,0.06874671624297782,-0.06636192309234534,-0.1375080697224016,-0.05979760809567622,0.08468495973743467,-0.045537199675010645,-0.12017086971184472,-0.03448275862068966,-0.009764700821611376,0.0033302571921518,-0.11111111111111109,-0.15512743327312856,-0.21534054978983005,-0.08759211312487551,0.09174211846841934,0.20571679508163998,-0.2935350756533701,-0.22764256783397271,0.0007052478738850578,-0.22585858585858593,-0.26720099927136454,-0.4719156351937087,-0.2811691553578725,0.02018136214547556,-0.04165906020665233,0.11051007095809334,-0.07377683627327167,-0.36192031600136726,-0.05154974204817805,0.0005806976113971446,0.07797626281038597,-0.051865883690092804,-0.04081551069358389,-0.46750387932589943,-0.2483539013523636,-0.1864859847781697,-0.16802405713569718,0.10825661366034713,-0.1108058214914352,-0.11005953289574107,-0.3377081224475549,-0.11358755116100008,0.019351631573340886,-0.0224298398887423,-0.0814004202846834,-0.26522899979461895,0.04601723294578023,-0.21734296831573105,-0.07001422584489982,-0.014130298862073298,-0.17328126760034546,-0.0257442088428004,0.13229698880313073,-0.24714344243638187,0.011112223445790369,0.1277674706246135,0.08261860818586474,-0.047725229275310144,0.046404820516588875,-0.3777433713953937,-0.01928233942025284,-0.061716828668462384,-0.31704645971104845,-0.13321943949692847,-0.2934406405070681,-0.05230744297232691,-0.40269792958328615,-0.08638853771597135,-0.1478337365295799,-0.08014902854327678,-0.031421067620162633,0.09946669530047605,-0.15492252084600797,0.12750909611217853,-0.10933572092702921,-0.29447592614008705,-0.20079690433316724,0.07531302560269114,-0.24003338765451712,-0.03824299818658069,-0.0431765308938922,0.0034498153334145062,0.1992284580288587,0.016722952353826755,-0.0012468356821702634,-0.373194256535591,-0.07264377870107154,0.06995331465919707,-0.5224794172162597,-0.17058192445710474,0.04409705136454819,-0.005582666406402501,0.250855407327669,-0.3580565756022759
ses_7,-0.19044133476856837,-0.22979098053282032,-0.0982584097338195,-0.23911751891313834,-0.66453490936356,0.009132251266314177,-0.2609061939123109,-0.04990470263331909,-0.06870347998908855,-0.16017459987528576,-0.22792748280186984,-0.24064171122994643,-0.23023093072078374,-0.649216931634384,-0.072620692230146,-0.17998808814770703,-0.14675690919345746,-0.1869202392464452,-0.5788082234667968,-0.5175687825930588,-0.28795429682751905,0.05556239990144138,-0.298004181714503,-0.32462242035279204,-0.19490620058971833,-0.24527396986531327,-0.046823802980657456,-0.38426892683126546,-0.06893166588416068,-0.3366649748174755,-0.07806320590016741,-0.058244798961500324,-0.07786836819094883,-0.2599586438297373,-0.3515737647265697,-0.07909767021407729,-0.5608153460274845,0.09432960364119108,-0.03295901406737745,-0.030330095642142115,0.038819940662738715,-0.15568434124863584,-0.1123150816522574,0.013610057872680072,-0.18934151091956394,-0.19243225909892575,-0.06409837849602783,-0.04811152939229721,-0.45920725591941763,-0.06010225336110581,0.11552747463143788,-0.21217975254128138,-0.40189788313035474,-0.3667480650635319,0.049474621549421255,-0.42814233865921314,0.11182596807270094,-0.40908921169573204,-0.15310435389224009,-0.33928775037056735,-0.1618566207862291,-0.4935050433617447,0.023501199040767428,-0.17039426219072282,-0.48218814152880113,-0.36286566363971445,-0.07191907561988571,-0.7110414188385423,-0.226750578155211,-0.20470982844764332,-0.3533514599834496,0.04234852259226615,-0.1268324759215565,-0.04397427080383511,-0.1698802053622361,-0.07746410081078442,-0.10024128098267164,-0.22884607777206387,-0.44735743825169777,0.03724658180103726,-0.28259175722780405,-0.0842414650689577,0.1620787754938494,-0.041530564629024734,-0.30674516279570657,-0.25784946979378925,-0.026663969249443607,-0.13612544816989094,-0.23753644577229038,-0.1831539081951117,-0.11387941277933232,-0.0822659139575628,-0.7663429137760158,-0.060642702722509226,0.11024075567330949,-0.010458878468604074,-0.15268402442944398,-0.34288272157564903,0.04940779638928284,-0.37698344107581166
neg_pow_0,0.0,-0.3264107991533209,0.0,0.0,0.0,0.0,0.0,0.0,0.0,0.0,0.0,0.0,-0.09543302602071696,-0.33299478325100423,0.0,0.0,0.0,0.0,0.0,0.0,0.0,0.0,0.0,0.0,0.0,-0.0720337358635231,0.0,0.0,0.0,0.0,-0.36448017398733923,0.0,0.0,0.0,0.0,0.29317857870087555,0.0,-0.31989731407333616,0.0,0.0,0.0,0.0,0.0,0.0,0.0,0.0,0.0,0.0,0.0,0.0,0.0,-0.222113464625504,0.0,0.0,0.0,-0.2841755168373709,0.0,0.0,0.0,-0.34045919351726794,0.0,0.0,0.0,0.0,0.0,0.0,0.0,0.0,0.0,0.0,0.0,0.0,0.0,0.0,0.0,0.0,0.0,0.0,0.0,0.0,0.0,0.0,0.0,0.0,0.0,0.0,0.0,0.0,0.0,0.08171982913489555,0.0,0.0,0.0,0.0,0.0,0.0,0.0,0.0,0.0,0.0
neg_pow_1,-0.14201817388198876,-0.19954473693872304,0.06387689582641425,0.12701590059296758,-0.04508290921031029,-0.04090549420304815,-0.021739997606605777,-0.13231118682566717,-0.21382919080545704,-0.019639513967916043,-0.2631394656675653,-0.008753438850977137,-0.17470411588058643,-0.028515321359898572,0.18122754165003085,-0.18543512922244054,0.008923306733755259,0.03137439541154816,0.04982940272205766,-0.24105632886691822,-0.06325037628198396,-0.1219979950311642,0.15975624327876692,0.10249491776011826,0.13126418214684057,0.22846089880328282,-0.013447760622198381,-0.029714523859137306,0.26425253812322735,0.10767897245971406,-0.17177681244991777,0.28554933071034516,-0.04018225381986724,0.31527825391383835,0.33793486453250837,-0.013672795851013692,0.2181148321397524,-0.23380081661636784,-0.18594548879406445,0.2788132905817271,-0.07585190642843985,-0.1495689803207748,0.09163416451202944,0.11565283992421489,0.11675050111569155,-0.06792050258801213,-0.026492202903746178,-0.07293823494940815,0.12492611522547895,-0.12172468152187801,-0.2385360351600482,-0.08732567520842134,-0.06396581077794378,0.04669330741260754,-0.1118595860933349,0.0862012215192188,-0.09578190487176526,-0.12188851232908733,0.027968421470226525,-0.19345603271983652,0.12766844879232556,0.16656412780443786,-0.1894090235119678,-0.2439907268068493,-0.13375432587677052,0.09621953559777399,0.15041678762493257,-0.17839040672518242,0.004105712121816097,0.1305080399985349,0.14814680627513493,-0.23711171884566723,0.022130398506098794,0.1743669949697763,0.08983364140480596,0.04251069900142651,0.09829426923548897,-0.02240546111993512,-0.3875665809960144,0.0903066082650924,-0.030196333575720463,0.20575705238917677,-0.05372463821482488,0.13652895263781617,-0.08147473827947198,0.06481784765440181,-0.059656592770861286,-0.06430030848123068,-0.19320289142035343,-0.26019393841035426,0.10359437402326793,0.024863015867988482,0.03041900889048358,-0.035346152404512915,0.25570829001578677,-0.1789465340256034,-0.19029303303065154,-0.054319078813524824,0.20163774614934687,-0.207240899144619
neg_pow_2,-0.026124759053438883,-0.20192682322105335,0.36438335415956663,0.03894636488824546,-0.011508530926893447,-0.03756250726828704,0.06314459255635722,0.03726815739296233,-0.049498771307095214,-0.05694862364872396,0.05643576270506598,0.1772905944806906,0.1050946602901071,-0.16669659854171906,0.06976035356421682,0.15042270306506275,-0.11930141997403923,-0.024234740083318215,-0.03125600707393034,0.0656210103957688,-0.199124726477024,-0.09539432700693547,-0.13949200376293502,-0.10284307780116286,0.10440962814622835,-0.11952112786988539,0.044061678502766106,0.11580035312863358,-0.081245303975695,-0.00905650750457079,-0.10636537955408505,0.0864964795657476,0.1357714531816388,-0.11420810204322666,-0.171790710933731,-0.02375893374541241,-0.017819885761192995,-0.2916997554080237,-0.08596733305522575,-0.2329692291788706,0.035979735976038124,-0.2911249293386097,-0.14748366149107098,-0.03816793893129773,-0.2171731951005393,-0.11027891554515311,0.1454911613336317,-0.03555164364165166,-0.13354672014191504,-0.013393018302588341,0.3554962205257417,0.0376665617458819,0.19333358413904667,0.0610259554465563,0.1608733624454149,-0.11374899158695398,-0.09549188539370863,-0.019865582414318038,0.1939130774948168,-0.30135363182650526,-0.23639547975480585,0.15639559107609552,-0.00231927612452226,0.02462811949350492,0.25752799217306227,0.13501925443646026,-0.17921576202433837,0.04848818031885652,0.047433538938787274,0.0587296922883171,-0.1392395349729502,-0.09714336805400332,-0.07100467191380101,-0.24588433242057336,0.10946900868160712,-0.09066086437134689,0.13664107844972856,0.10182174338883453,-0.2356362136522993,-0.15749121499307853,-0.055710625932015485,0.05707753710233655,-0.004363316120251377,-0.17999007898653027,-0.061987826855724425,0.19673753810824715,-0.16556833835958157,0.11460192788289894,-0.016423421839282578,0.0636401795227794,0.30521222784253355,-0.09876236745983893,0.10610221477228142,-0.24169511950190808,-0.07346075575595548,-0.3628146941308816,0.1617653581725438,0.02553112876408643,-0.04536012388110436,-0.03614168501100662
neg_pow_3,0.09253213208248963,0.0951814193899412,0.05434419226626049,0.08880987575406496,0.10441908795043729,-0.06423807480790983,0.13791173304628634,-0.14475292474244805,-0.10950785879927848,0.047205919877519764,0.26979603468631674,-0.016312449422888554,-0.04923688453894325,-0.24507429232493394,-0.21718474833108073,-0.37320428800833316,0.2569331466838182,0.07299119143128906,-0.1610925110132158,-0.27735515047126935,0.0036203485985145407,-0.30601680404571346,0.21942735949098627,-0.45073515726782043,-0.06515913512719795,0.1251369403116938,0.13039462934678367,-0.1889710827168795,0.026437513261192473,0.1479398834475002,0.1782096430589974,-0.09710334359320315,0.02936019399365792,-0.015559520351852584,0.13087738031678237,0.17698277493848197,-0.15317259409885048,0.0969521539247404,-0.11493311493311494,-0.18108773771550854,0.2405555771699801,-0.17595134665508252,-0.22243338633983628,-0.40425223658951775,-0.12033827282770176,0.07083050463905859,-0.22724624691911274,-0.2013414271766355,-0.010511562718990883,-0.18636977646084787,-0.2230626064229993,-0.24272136443893458,0.02723507202815144,0.0805023028776129,0.02784751458035613,0.10452919664027649,0.0001973242827262688,-0.12189104222213384,-0.004601509295048795,0.07622307925640245,-0.08310361304076157,-0.279429528893738,-0.0449730161902858,-0.20899439808829864,-0.13561499824786824,-0.06586778510085882,-0.3493229559623557,-0.2666287663445137,-0.13568766091534418,-0.24996643243969022,0.05602756352531221,0.03684356325932964,-0.21007488087134113,0.17873060843727334,0.1004045015819616,0.06903503099920126,0.043516451341360805,0.13125112836252031,-0.39197332019555103,-0.10370826838728389,0.0857019251568246,0.2421322525950127,-0.13286602510791654,-0.06954614726982118,-0.21873070548857762,-0.24850765167685684,0.13735143659371507,-0.3086841811898481,0.10173461420957941,-0.07004392193124401,0.12130579943118586,-0.22227386032363003,0.04762989107746027,-0.0833619997706685,-0.23882215187128655,-0.30529374511045726,0.10444908505291468,-0.21684581239223752,-0.18136426774786943,0.014234413533509268
neg_pow_4,0.062360717658168044,-0.2257879421287758,0.20348272243168652,0.008891038279825934,0.21987014483844936,-0.06769733434275019,-0.08784703070417355,0.06031424227065386,0.0014525100081481189,0.16128081358929958,-0.07783487752728903,0.051862498502814734,-0.05521132611028421,0.0599640633487945,0.10191933452894261,0.4398191141438204,-0.056617033425572054,-0.004484648702518303,-0.05800049969661278,0.020766714448487544,-0.11511198086540556,0.06357686184326906,0.18523671181308565,-0.20282342560935263,-0.17827764999415222,-0.030025582334724646,0.015329536208299407,-0.006774098539992402,0.01812751482971752,-0.1595937460491382,-0.1627656712402475,-0.04383571107810286,0.2603403007467521,-0.07152548943593719,-0.12631217314959725,-0.09330487254217805,-0.16116533245604417,0.049773755656108594,0.3032348921012302,0.11741738115364486,0.06924877971348077,0.05564044273841915,-0.21903455633024738,-0.15504276904714537,0.19747462065502036,-0.05415301599537481,0.038817766434775455,0.14623090694396826,0.07349665924276168,-0.1049380537220713,-0.2622008490814143,-0.2929043921278608,-0.15251518276612808,-0.16323137012258784,-0.0701100969999591,0.012447455413622839,0.01978482491840274,0.27968142843379673,-0.22341145108025318,0.09223664995855856,-0.1631332655137335,-0.3682805565751277,-0.1946458021708281,0.04371271612011725,0.03228338030178718,0.012556504269211486,0.030197650899542246,-0.043931971163420576,-0.03968724084824073,-0.05239591232441413,-0.01704977375565608,-0.14391735188699137,0.011116706046403529,-0.05513658454834925,0.020983780105107906,-0.28157984337759634,0.1150186947025507,-0.08836338475314426,0.18553269978748138,0.04595483944173377,0.1161420815443029,0.09740284948949886,0.26152839856099447,-0.01689947332264712,-0.2692035859093107,0.3345712481895494,-0.09348968574595115,-0.41172781436186917,-0.19841011743450776,0.09925411968777109,-0.13538594628602893,0.06868606350471634,-0.105074281304264,0.28224284669002947,-0.16123671363777997,-0.0471301913205786,-0.18515033909600526,-0.0503848049437009,-0.3045626380207358,-0.08918569582076688
neg_pow_5,-0.03771509043700217,0.2633995087182378,-0.35744906708039037,-0.11697421386154397,-0.19548198636806233,0.07681141889439938,-0.0692191293943766,0.21341440943431,-0.18910094453298093,-0.03602616227682514,-0.35074446402045095,-0.146313148335393,-0.28636100616086324,-0.18074835136809128,0.10549666090692576,-0.3791623558263401,-0.06128677383867419,-0.09170532888175865,-0.18375901388938232,0.004066209389247163,0.22043068161594578,-0.12389148737137518,-0.015014536620335335,-0.19304310251701415,-0.09037192925654615,0.22025863861283196,-0.35722819593787336,-0.02067779384747683,-0.057078583139512695,-0.20719471706373824,-0.1420663444458215,-0.0427471876850207,-0.06856809722409075,-0.05982971838039836,-0.22264547484565875,-0.08170549180642438,-0.0674177332525224,-0.1521658031088082,0.08116701757401285,0.0017892853383854384,-0.19063545150501673,-0.051940352957271216,-0.06892208025913261,-0.3087428411229924,0.26311134043415774,-0.09484589870681624,-0.12268567331618237,-0.0865091308415016,0.08373355606598454,0.08419749925318988,-0.22681447213372324,-0.09807296538821324,-0.05151459519001286,0.05724857606119819,-0.025769650875844523,-0.019374640322271208,0.01659852535206345,-0.29515858251281835,0.1393712991296745,0.10307473019751577,0.0468317578981418,0.1413981198498975,0.19336853376656943,0.21474845444785845,-0.30184775111627393,0.20475287212340293,-0.09258127793677842,0.23121830189367687,0.1142090293634579,-0.10326109306246653,0.02966364651855532,0.029877115150563408,0.1414575386468581,-0.3318598042311337,0.002974006411494351,0.017029142250363786,-0.15516880726268673,0.21507586025971762,-0.09462936491729627,0.2878964975212606,0.07742434733026514,-0.08083075059670124,-0.0036351754278479064,-0.06442063128049037,0.0009534619750284056,-0.07653334284796805,0.06653770201104257,-0.14047992282648022,0.012151092821926383,0.2573414289532975,-0.20877982711229734,-0.1076855799715754,0.04972717774079948,0.05447651750903179,-0.16721121634476196,-0.036498340984500686,-0.2797876134247334,0.057078411132775154,-0.15521994486395765,-0.13408917911942628
neg_pow_6,-0.09106147592507229,0.17141141141141136,0.18768649669499538,0.03980205622627022,-0.07799289975478531,-0.33906384895461894,-0.11100864553314126,-0.015562003089792378,-0.003971015679371194,0.14621085550272034,-0.011747023691808706,-0.07423347933726909,-0.010089991818925548,-0.11146424517593645,-0.0027646279113804216,-0.07340062603313052,-0.05278432795211318,-0.16770143724488046,0.07464824030646952,-0.1351817718341896,-0.03423061758485967,-0.21936688247209762,-0.35721744139992057,-0.04295915668568407,-0.3335283149928711,0.005292769326943165,0.11605873993368068,-0.038579692798723315,-0.052611498988974145,-0.11889378163710443,-0.12755162241887907,-0.21692589532670006,-0.46389285576440614,0.063317748541191,-0.07943623447175473,-0.08942122748732294,-0.30842682351232625,-0.12898576199683598,-0.1238572806171649,-0.0844384624520011,-0.16992078545129988,-0.21083436578801207,0.04891866186990864,-0.3359034408214736,-0.3670492508186418,0.05245030137396581,0.03827166085420538,-0.20609416277639048,-0.3244592346089851,-0.37293601150005795,0.03908231032400885,-0.27803851046098516,0.18710238273995333,0.2016027846359331,0.07180057867794348,0.08265424912689172,-0.06510762689343605,-0.24390578550194367,-0.24411053100725827,0.13520220231863825,-0.13126205271052066,-0.16068134967993933,-0.07582992703518356,0.029648671808054854,-0.07461305817470203,0.10700528379069371,-0.16380274529740724,0.3788288470075467,0.11895382366080497,-0.41601695254088217,-0.15833300906650066,-0.2348324672997671,0.06583958227003263,0.12262674105888488,0.08556454369374501,-0.1071028375203325,0.055109643227466525,0.17667549620813525,0.04504653567735265,0.24208318205655732,-0.1665719158612848,0.07499897148969435,0.01155425406626985,0.025461301355402602,0.08648577565423224,-0.07013211023560309,-0.2155686127432596,0.09800176834659592,0.07309930542519241,-0.009240597786819784,0.1720491694937657,-0.3263157894736842,-0.22193150310461976,-0.07244111272959822,0.06879558446678488,0.1528286606764105,0.12845352036269225,-0.13239648054709977,0.05484187614698477,-0.005096536587180567
neg_pow_7,-0.2666500905764929,-0.1422309721035623,-0.29998925154956824,-0.2814136618816173,-0.17203035591088034,-0.013757305165341696,-0.30369878918560284,-0.2253703776476599,-0.026533545705295043,0.08819041806530362,0.23391872229553667,-0.1293809871888585,-0.2952342650311685,-0.03191882676744854,-0.32926300862646235,-0.2540082686296258,0.07082976265881741,0.07514241137839708,-0.011907932280768477,0.24988086946959426,-0.19069127199208505,-0.12103484611751028,-0.024915768894804673,-0.08119608525782368,-0.21349007176506837,-0.2990104794245444,-0.09868958414716428,-0.16112296556629432,0.1318719689621726,-0.22651470125511308,-0.0337143475282155,0.03869845300230407,-0.3380494786342261,-0.005076142131979714,0.051917975493705026,-0.06560263759319623,-0.2902676489097843,-0.31830499155637587,-0.3223724772904763,-0.13460509894811917,-0.3712633347661287,-0.22693114629029182,-0.17393818100956196,0.1308484672982253,-0.0003344357326000556,0.14633616003479014,0.27843835934776706,-0.10360414900916175,-0.13743276025735682,-0.07459451089691478,-0.10345571577546836,-0.38980877305472805,-0.33146128879326076,-0.17600510529674532,0.03235996326905418,-0.2541611960526872,0.07315905008980242,0.10267014655691625,-0.17202417134479916,-0.32463332948377416,0.059733625250866604,-0.16456004877057515,-0.26820631860565763,-0.2468004223864836,-0.09754772340348464,0.15977435980682608,-0.10251879853720673,0.11667720851781577,-0.2909578513389104,-0.28058767705880283,0.22344857204208718,0.12228571428571422,-0.30616673176235754,0.02486139684089403,-0.26511562620626733,-0.29476904015177896,-0.056791415859722624,-0.0025997513281338144,-0.47343179843614247,-0.10919469426306927,-0.021378239579601114,-0.08703077873469238,-0.05540313664469104,-0.2328481494847427,-0.1596840797017199,-0.029559920340505367,-0.006056111729081699,0.007432628825312474,0.1115815403564143,-0.10900661726829648,0.018048443911827708,-0.35330300272975423,0.01236809259049139,-0.2572639510242525,-0.5451092505615683,-0.05409670240744488,-0.10090857218101215,-0.14912918527751806,-0.23304327095005364,-0.1573976472572416
neg_exp_0,0.0,0.0,0.0,0.0,0.0,0.0,0.0,0.0,0.0,0.0,0.0,0.0,0.17717387029535545,0.0,0.0,-0.09956742523979686,0.0,0.0,0.0,0.0,0.0,-0.03880573056703708,0.0,0.0,0.0,0.0,0.0,0.0,0.0,0.0,0.0,0.0,0.0,0.0,0.0,0.0,-0.1863444764408831,0.0,0.0,0.0,0.0,0.0,0.0,0.0,0.0,0.0,0.0,0.0,0.0,0.0,0.0,0.0,0.0,0.0,0.0,0.0,0.0,0.0,0.0,0.0,0.0,0.0,0.0,0.0,0.0,0.0,0.0,0.0,0.0,0.0,0.0,-0.07871596567432992,0.0,0.0,0.0,0.08559155181671739,0.0,-0.2063979829019422,0.0,0.0,0.0,0.0,0.0,0.0,0.0,0.4238642789820923,0.0,0.0,0.0,-0.025953193764652653,0.0,0.0,0.0,0.0,0.0,0.0,0.0,0.0,0.0,0.0
neg_exp_1,0.04981244706167063,-0.16802804818917608,0.05402320014730256,0.2867291348877752,0.2962452228044601,-0.049590445063148116,0.3353130620268517,-0.19952088853399155,-0.07704114261351526,-0.28474129821260574,-0.15080783398373396,-0.03182115510408252,-0.2630874069405601,0.21779603011635873,0.11482513153822341,-0.1202350517037433,0.0025082700207204895,-0.20210803689064552,0.01925790336727303,0.030046138264751082,0.08282056181922418,-0.12714039456042903,-0.21319369206693145,0.06132509288893791,0.05642455666419763,0.04309516711384942,-0.2535419244123399,-0.07234788707697704,-0.09539168798428059,-0.19039999999999996,-0.1535562310030395,-0.16434520645046968,0.010332021914181706,0.35748435495782627,0.07250792605097377,0.11684989006596051,-0.11229140028195808,0.004512933406714345,0.049066566094663415,0.0013551479094364566,0.26924062214089667,-0.06564343771918965,-0.20469811839572616,0.03507562548152953,0.16694496749209514,0.0532315302720722,-0.07838054390347363,-0.2506704124632869,-0.041190812267419497,-0.04965791216067093,-0.047879340014171455,-0.06544303290185545,-0.3584722839032663,-0.11813691913911817,0.23863593353771614,-0.0427499702298258,-0.08936799973092052,0.03270476112898633,0.24550991116800502,0.24213540601349973,0.056674914575232695,0.08729856177438915,-0.03604825992885695,-0.3561340449478996,-0.046510771496961895,0.10732877976739892,-0.11652159961493717,-0.07696120956748047,0.059702038874043774,0.09234062624723344,-0.010430299424945494,-0.09522947078639485,-0.019314591914264,0.023242965944516802,0.20571779229686313,-0.10955975391596486,-0.09558376252078346,0.18318618865496666,-0.1755587133445291,-0.006816868861929522,-0.187409246334723,0.2538535168498532,-0.2377529178950769,-0.09540136439150255,0.19381608323855248,0.09312835240951135,-0.06595818412845098,-0.07148442322729333,-0.11041836409366257,-0.15359003486231343,-0.09658648526820471,-0.29699938763012873,-0.12634282200600425,0.3323535099593889,-0.06619222250462951,-0.03408959593236009,-0.1446963336132101,-0.025191829298202552,0.01253993884632564,0.2658846168079045
neg_exp_2,0.05196501365417339,-0.0626503574695896,-0.21037367071581686,-0.0773300949820011,0.007543140564185578,0.13382591457920345,0.038215110417276515,-0.19572767673749855,-0.005639948952286837,-0.29010945273631844,-0.02849968612680476,0.05863720948647899,0.08713815667862021,0.16553987269204914,0.16683413603132247,-0.09354005167958655,0.17127253315813246,0.028319497954482246,-0.29110790179492446,0.04460671813060715,-0.27918504351898865,-0.03424844769008476,0.043963369706326104,-0.15589289479232554,0.08453704062270069,0.05610907184058734,0.13673892887103184,-0.2641445511010728,-0.22633332139403273,0.12717305598317874,-0.017411764705882377,0.02668480045021809,0.08769236983479413,0.07045017169163428,-0.11858350867442134,-0.1952039047854844,0.10865464173423799,-0.2539081178504432,-0.02956919782937721,-0.3344490717316,0.09846589054509844,0.07898463884954793,0.017092990672911413,0.06853375980028857,-0.23409638062594354,0.2938905739157836,0.219815240630925,-0.020489715964740453,-0.1734019429534668,-0.3465018674675599,-0.17155301782511623,0.02454270999822411,0.008814965497985723,-0.31512370824578706,-0.14032359461337401,-0.11603325815464365,0.05080786451236133,0.007624760596971779,-0.05673268534710642,-0.3084756508301303,-0.020719413755905226,0.07016496465043202,0.011792158006583585,0.2793215916503588,0.06945505730947113,0.05548686823273763,-0.0658655819681307,-0.12169508851819155,0.18991840435176802,-0.29440966176416117,-0.08651267064334038,0.19223223223223238,0.036248453724181895,-0.16173519646831333,0.14816905649015838,0.006037424532193371,-0.1621905243110887,-0.3388518024032041,0.13657933564620972,0.01810579134434458,0.009666050179711776,0.04215735164371477,-0.10571353835805836,-0.251463033281215,0.12229958935904299,-0.035741444866920116,-0.17092932847730907,0.04550010022048507,0.05097283760354461,0.01892685829026142,-0.011276910809887243,0.043140105397056226,-0.05549818320902659,0.11919934989949106,-0.4284195229149684,0.23923062273852608,-0.0037259285406125962,0.03354833784970044,-0.03549869015528304,-0.05693209759788158
neg_exp_3,0.158487836448776,0.23291574140025972,-0.13353221425709072,0.2043419465662805,0.1526251526251526,0.10802232680310829,0.0019860586471435707,-0.36559923298178315,-0.11681016961679165,0.07212571790986927,-0.27166788055353264,0.18921127911728644,0.12429187769649225,0.14126721374986795,0.015462512171372934,-0.2170460753961028,-0.19682062298603667,0.21173748934615852,-0.11809351527783239,-0.19479373483344373,0.1453793103448276,-0.12658662092624354,-0.3606720651279611,0.011356331690593562,-0.02064056939501781,-0.3160753755666279,-0.15070440198988325,-0.2377467201308055,-0.23992415379029322,-0.16073948120545564,0.010755089129544914,-0.05436438631043067,-0.08345476743728095,-0.1211917863374044,0.09189231552960538,-0.2119479411137187,0.06262659666818243,-0.09188786285146386,0.10790158031606328,-0.2721872245977086,-0.37507758589214624,-0.08697808192006336,0.18445379804098974,-0.3471764828231705,-0.22988849489468963,-0.12619291419209497,-0.2171888076265327,-0.022581482442804692,-0.14139840201571457,-0.2440959669468052,0.03130810974915562,-0.22657302682618102,0.05556587994796509,0.15771926501231295,-0.0682724580454097,-0.05858387717379003,-0.011309549801318751,0.03406770553465871,0.017214646364250845,0.021810477337875438,0.16202756437478286,-0.17057016318876422,-0.12764464793412847,-0.4066148619625913,0.10131382387865315,-0.275750031646905,-0.26268092032906615,-0.37175601046381274,-0.00828376455132649,-0.20510400853403343,-0.2714680495377162,-0.10446480795476701,-0.03417559641927946,0.33944423799496265,0.06540969309356708,0.08144714446094237,0.10792106616047775,0.16916173455572325,0.04385692068429238,0.09911783967024923,-0.09681038028643008,0.05060915013434429,0.33053399499512237,-0.09285120860861654,-0.02004982797484874,-0.15644115600161165,0.021030025527776632,0.0985640910283808,-0.06727021249842825,-0.1570670636283828,-0.2620633881464936,0.04123944170920094,0.13404743164162755,0.07818457627813528,-0.49431518180858175,0.1986373781275694,0.19733148924053204,-0.10967310052437797,-0.1497902158397854,-0.03975012084929161
neg_exp_4,0.25319106895870364,-0.14971274079080762,0.04534766543500168,0.18427900112625742,-0.23458597094661346,0.1867312449911147,-0.08347251893571567,0.03505884544918173,-0.009767256090919016,-0.3668843018776107,0.1373758447095107,-0.3474075450659728,0.10065257789878562,-0.0629036286438077,-0.238487265243118,-0.3860850059945083,-0.014429840427669899,-0.17111051604758815,-0.08906803754332662,-0.2077775617343963,0.00363274826966458,0.13998649775624475,-0.018599435443331685,0.11570777287969555,-0.2946455279688902,-0.12544622233421526,-0.1561224864904606,-0.16091909030414525,-0.03336895855599097,-0.017250651553385996,-0.2973756705814121,-0.25389550870760774,0.10954728483799352,0.14558410710429714,-0.20679474562491976,-0.0015843586718354919,-0.11997475046356566,-0.008911649663292888,-0.020570414109837534,-0.07206402237675302,-0.2652367806328307,0.037451815784134694,-0.20370287952289823,0.10490403415665778,0.12771021768295315,0.004798430878077881,0.06374294746108598,-0.10647945586889941,-0.15900522292553,0.12019210864074847,-0.44664933169107246,-0.13858743995730297,0.0071815446339017295,0.004513661578747905,0.2888163857168752,-0.21482466085460722,-0.22203346947627148,-0.3703690446361457,-0.1585462097611631,0.08498477199716299,-0.11933651999836582,-0.06005497194924505,-0.009580416845892177,-0.03363088375769959,-0.0713051185464214,0.18974031049060358,-0.35498232290166293,-0.23373696474273278,0.3478137075452511,-0.15881765141991422,0.11670446518199058,0.0315781069104554,0.049619991245871596,-0.01637521912009919,-0.003472638007424297,-0.21853230621797945,0.32173018390706043,-0.057879444726283216,-0.19687342871508892,-0.17816611034753577,0.028573725033155233,0.047953627261549246,-0.26240234762263565,0.04065649941919288,0.030440638830094287,0.026835015650828305,-0.39662528346850145,-0.15226125096752788,-0.3236369750725125,-0.060219816958502245,0.11721575262930893,-0.2079951050377319,0.15635003117854915,0.04979037732082261,0.08745443163825166,-0.1564848343262079,0.46861769904229533,-0.08532828564005492,-0.42000096763268685,0.058385784330771656
neg_exp_5,-0.1394124892687843,-0.018606934094864136,0.04114367796436265,-0.1638401523753709,0.05223310159065267,-0.20916796533505655,-0.25584080674338944,-0.08639539014090067,-0.019066194323926276,-0.2879737585658146,-0.3980369855512026,-0.18284460402952327,-0.1588403750343258,-0.09259912930933048,-0.04597900280655554,-0.09092327495416781,0.28419758147161284,-0.2722023328328906,-0.1026705236238628,-0.028655225714398942,-0.2267875201318403,0.12046834660557801,-0.12591353670508662,0.13885448255242813,0.2502992274491313,-0.3400286944045912,-0.19468604352453303,0.09303308611612808,-0.19135222237142466,-0.11938948967412923,0.01379333717422984,0.15368897004478063,-0.036960901204621144,-0.2305089273787791,0.09302244890878172,0.14035433847610787,0.05086397541137222,-0.3178337231164305,-0.015354713313896972,0.23829442144351023,0.041309246155670595,0.05010064043915823,0.14467827511305764,-0.052914798206278105,-0.17617923615679307,-0.07239133106640992,-0.09427622284165109,-0.5053695228601207,-0.37678678080828193,0.14419943285224526,-0.030843355210743953,0.01987100622600006,-0.06732948896400875,-0.0648751846115053,0.02612413493242508,-0.05625543827791018,-0.12865335178959855,-0.04306322350845951,-0.4937814566781749,0.19317731059103524,-0.3552823801888472,0.18571376294507247,0.0020649521306551786,0.06277596467652137,-0.16144346210739954,-0.25785539693223286,0.08253678657835244,-0.10188731325259637,0.12520950006131715,-0.021636605824963125,-0.3068462914335732,0.010508396896585573,0.02532575493948886,0.006804290162611006,-0.47802262319464583,-0.10981622590766474,0.16607359651693399,-0.25889349432330133,-0.3418916046758766,-0.02732486225120878,-0.10274393995324228,0.07572662437730716,-0.22987745574790885,-0.1380049330799401,0.0989365130518853,-0.1739826147126238,-0.003522626098401256,-0.19127592790343975,-0.10810708470597144,-0.18462336832860962,0.11522370057668388,-0.16221128696191875,-0.3314022182414148,0.12922605725055952,0.20591861898890246,0.06804408833936633,0.07534316913702802,-0.1543919040587748,-0.10871011939714229,-0.2148345030939822
neg_exp_6,-0.008749356664951106,0.28411499981403665,0.05695746214852196,0.15443520013245576,-0.16724182715499641,-0.07548027267093577,0.053324555628703085,0.07166110686869502,0.2677432588669674,0.3095246326707,-0.30548481508229136,-0.06485863124826026,-0.24748138414367057,-0.01762556710964786,-0.08085957973983897,-0.1237786336914657,0.05819500095401641,-0.17759265966437282,-0.2533164432246033,-0.0956904769731435,-0.13378962260543728,0.20980865688277914,0.08565575218113103,-0.14438164776915793,-0.4083684230492017,-0.11341360963315592,0.32959902908089433,-0.14444399400008104,-0.5148576078112288,-0.05598094265781865,0.010994556793194159,0.017122122689647374,0.006693098009123086,0.04232154875489926,0.3016132501613249,-0.045693555618962226,-0.2607144321863593,-0.3404877197574489,0.06267465069860279,-0.35587998459545567,0.030734040341027218,-0.19718956325248033,-0.18669350065111875,-0.15624886894205364,-0.23564402628202644,0.05207226354941552,0.1744229414446148,-0.03657893812150814,0.08509568915522907,-0.05126603211936351,-0.07892315692627704,-0.04021447721179628,0.07129684127918376,-0.06347608930634756,0.07823730854626876,-0.17292697689322462,-0.06915417813572569,-0.024134773850943043,-0.053865946766777695,0.27068114511352415,0.13706340626980287,0.024962727933024943,-0.05610417797069997,-0.06156111929307806,-0.23400767482582618,-0.05539582135326822,0.302551541130843,0.22061743294273375,-0.2570884377299684,0.08692656391659109,-0.030609445424260234,0.4317891318616783,-0.2974968872096518,0.19164942636825286,-0.04168691815904586,0.05869418732489275,0.10092115408026615,0.13124793721808647,-0.20535100836600254,0.10933674814507928,-0.027503892060197207,-0.42796963796049764,0.02421451046559353,-0.17191761868996325,-0.11626416756778402,-0.24758396849130224,0.16958543983822044,-0.2250090003600143,-0.12546011214696076,-0.1676607024519551,-0.08236756804760002,-0.13225507199612793,-0.08181101552592797,0.16920926982648188,-0.05536430278239036,-0.01870012307936631,-0.10914797163780082,-0.05396454315215273,0.004247960602984854,-0.2238319903135569
neg_exp_7,-0.4303430888215053,-0.1798776970116534,-0.2672781294406406,-0.2933161152424634,0.08682792431424985,-0.11075520512504625,0.12365723946043042,0.29900346078472245,-0.3723048541450481,-0.07585242175205455,-0.05608433506503357,0.09524775780203729,0.01571889052489155,-0.21425315931220223,0.1507901141466425,0.18530061972239348,0.09132709159364276,0.002081288042411193,-0.12406835495161625,0.16053446181575964,-0.041334880557000526,0.2721712538226299,-0.041263174269824614,0.024168841484171158,-0.11187818816400111,0.023192133759283085,0.021881748909987335,0.1426051161423111,-0.03249708049772478,-0.28966809232618146,-0.08807103957820249,-0.13414586045043977,-0.20894832307856467,0.012335412335412311,0.013880045842353191,-0.01541824427182949,0.06239797448112742,-0.29139301762875913,0.18390758812985458,-0.26729406471448386,-0.03700379421484233,-0.12467636655362282,-0.12784786292600267,-0.15117940141458483,-0.12635875055562296,-0.36749423723689695,-0.0856652641039258,0.007533798892290739,-0.019296946465130457,-0.033645202715098174,-0.21903378132945864,0.05754860920934234,-0.1638846219491381,0.09995581687795264,0.16512269822664205,-0.12326884830952813,-0.1052012595318487,-0.12681494590355147,-0.22414175955944396,0.42255899188732854,-0.08860460539263923,-0.0377890145520516,0.20738426982065772,0.03277521818930968,-0.16344352130104295,0.028023911476660866,0.11413984461709206,-0.2627121659609295,0.06604159690441645,-0.024867304718518855,0.20207050703893964,0.10053983551320604,-0.039741518578352154,0.23339236440014835,-0.23338778921773484,-0.057704046823943415,0.1512782674590197,-0.24694703240414223,0.0922940655447299,-0.18092342770283112,0.08724605347665894,-0.16942336608735173,0.09817971266239639,-0.09484862758532094,-0.06304291093464565,-0.2722858414599603,0.1998246190945961,-0.08468636841490483,0.019117820962592152,0.10395546238702362,0.23079829234198493,-0.2384220719649351,0.23811514822093074,-0.06860451739080418,-0.331029091058717,0.20548576697015092,0.07191893975549764,-0.14855146907746045,-0.3095175815552483,0.06113650722860224
